1000
6 12 13
37 33 18
11 10 80
100 31 11
77 41 62
98 28 93
37 43 86
8 87 8
41 5 75
5 34 58
63 47 47
62 90 75
11 92 53
95 52 21
67 45 84
85 86 56
49 22 17
76 47 70
36 22 35
76 9 32
84 90 42
68 63 40
44 35 57
77 65 16
12 8 16
86 15 32
25 18 17
19 25 7
7 13 7
63 93 100
81 79 13
44 27 57
33 61 4
82 98 10
32 74 85
71 83 38
56 80 4
2 94 46
45 3 87
70 44 46
16 35 59
79 94 60
9 100 8
41 20 71
84 98 55
80 25 64
93 81 97
0 44 99
24 57 38
99 3 95
30 57 67
2 77 57
97 10 17
1 28 70
66 98 21
8 58 1
43 72 63
96 74 56
34 16 89
27 86 68
95 29 87
21 63 84
89 37 94
66 17 16
45 39 23
82 65 54
45 94 28
22 97 31
53 86 23
82 47 46
47 53 21
58 27 76
18 75 8
91 77 4
71 59 9
39 68 98
92 38 94
4 95 82
70 72 24
21 99 3
68 88 23
8 7 32
65 91 93
63 42 23
67 19 16
34 14 7
67 48 15
11 78 3
94 13 95
18 61 15
96 23 25
2 59 23
77 91 2
82 32 14
83 98 82
86 14 22
94 24 53
18 66 28
88 64 68
34 10 100
60 83 20
17 46 54
28 16 5
95 62 96
60 81 24
100 76 79
2 1 3
67 83 21
74 3 72
52 69 42
61 38 36
26 20 90
100 1 1
23 35 44
19 90 69
67 95 83
13 55 55
54 69 77
100 9 27
26 26 94
18 28 91
17 78 67
2 35 88
22 14 70
46 69 58
63 39 40
7 62 58
56 30 6
15 73 20
97 70 4
66 20 11
4 38 5
43 99 74
28 100 1
55 93 15
21 17 22
20 56 69
36 42 44
99 35 58
21 88 44
53 100 79
79 74 13
76 58 19
5 47 9
7 56 41
99 97 98
86 75 33
54 84 33
34 44 91
98 100 65
17 24 45
25 76 48
73 79 96
68 31 60
73 43 35
47 32 85
17 31 57
13 17 1
61 9 64
47 66 45
32 38 20
97 88 98
37 29 63
14 63 94
9 67 78
93 24 72
90 77 46
50 27 13
14 89 2
84 75 56
43 24 79
67 3 26
34 26 6
91 65 22
38 87 35
25 23 43
71 28 4
26 54 1
24 60 67
91 59 33
16 48 34
23 36 86
20 39 43
4 64 60
97 82 93
55 3 20
74 24 4
56 44 57
31 90 6
94 62 11
75 36 52
31 8 81
46 25 23
100 23 20
38 15 17
31 57 62
38 42 11
50 66 61
21 84 62
34 27 91
94 30 5
98 57 37
100 47 93
37 21 1
38 10 22
39 94 64
54 84 77
77 31 9
97 40 88
86 7 52
8 88 1
13 82 4
29 90 66
42 67 86
100 39 9
35 55 45
90 37 82
23 24 41
33 69 55
81 45 30
48 46 58
55 48 15
75 69 6
32 98 7
98 41 60
50 65 61
80 46 30
100 26 16
19 32 19
12 55 55
95 53 33
97 10 91
67 45 63
33 12 86
93 5 46
2 96 76
80 70 89
34 67 6
30 15 68
54 99 95
19 15 33
61 65 100
19 13 36
33 35 34
48 59 23
87 12 14
90 69 64
70 100 38
7 54 41
81 8 37
65 88 97
56 48 75
84 90 1
33 70 76
55 77 36
91 83 54
19 7 99
10 9 17
37 77 96
97 96 54
21 94 36
76 7 28
7 21 17
45 62 57
52 56 84
64 85 30
78 28 94
47 66 68
29 35 24
80 74 70
10 55 27
36 60 91
38 96 19
83 62 4
100 89 76
34 21 80
31 32 20
58 18 38
79 12 10
57 59 38
86 22 44
65 89 98
39 12 84
78 31 43
5 77 3
53 92 12
42 4 54
66 68 37
92 3 36
97 69 86
68 88 5
75 52 73
57 64 92
43 82 22
1 74 53
59 30 79
10 37 85
91 63 85
20 2 14
85 93 63
78 92 39
13 62 69
83 12 56
6 10 20
72 73 82
68 76 65
100 31 47
27 65 77
79 4 33
21 6 39
95 85 18
61 53 3
65 77 35
2 9 3
57 26 71
76 21 60
17 55 29
75 55 81
95 11 94
55 98 32
40 87 59
77 75 53
52 37 89
74 86 76
17 43 82
21 52 78
16 96 54
99 8 47
75 28 25
67 12 75
96 31 25
61 85 22
26 91 40
84 5 4
28 62 38
51 36 99
15 40 98
48 100 7
88 56 9
55 99 81
97 40 45
62 48 83
3 75 98
44 7 12
5 77 17
66 19 66
45 39 5
64 81 11
61 55 7
84 95 42
4 78 15
91 88 3
92 67 54
87 21 91
83 21 71
47 12 95
82 19 81
27 23 13
100 89 79
79 26 26
2 36 39
25 60 20
75 2 67
49 97 30
94 29 61
52 10 20
99 92 60
44 33 42
28 37 95
9 3 8
13 62 100
69 74 98
7 79 5
68 82 88
61 56 2
100 84 31
7 72 10
51 76 26
78 84 95
44 52 32
28 58 46
17 89 70
22 54 16
75 18 15
42 7 15
58 85 42
8 2 87
100 89 96
13 35 36
68 47 78
12 65 66
44 4 23
94 30 1
8 13 21
87 20 40
77 21 90
21 57 20
78 22 46
42 67 14
56 82 23
55 82 21
83 45 78
15 19 12
35 62 33
5 74 9
29 75 87
75 68 11
8 20 80
25 40 82
91 9 77
23 60 91
100 45 18
82 79 96
75 83 75
91 54 60
18 22 25
26 92 27
43 54 4
57 66 7
7 83 47
8 3 76
20 18 1
25 65 34
34 29 37
3 98 22
60 57 42
72 17 12
25 43 2
4 84 60
34 92 25
20 46 39
41 62 75
39 81 80
96 10 58
79 40 83
53 52 65
99 13 4
88 17 100
4 99 34
77 89 85
84 40 70
51 37 95
77 83 58
16 74 2
25 25 97
90 72 20
14 72 37
84 63 23
81 13 32
47 27 41
40 67 34
70 15 34
93 28 75
31 83 25
43 9 84
60 2 68
32 71 93
33 55 85
72 98 89
81 4 75
23 7 39
28 43 83
41 12 92
66 89 30
65 77 76
63 75 34
9 76 39
24 81 77
49 60 88
59 83 100
83 77 15
62 67 78
92 33 47
70 59 36
31 15 100
61 34 14
22 84 76
30 17 52
81 88 84
100 6 94
59 89 41
12 71 89
8 61 41
86 98 75
22 45 39
54 31 99
75 63 74
45 58 33
68 85 59
34 5 87
30 86 56
76 27 10
55 55 17
16 86 46
98 85 64
23 3 100
15 90 92
56 83 72
71 28 11
12 59 63
38 20 36
96 97 9
52 60 75
17 69 21
70 57 74
88 45 37
4 47 5
19 54 59
43 86 20
16 20 13
28 14 70
100 54 94
13 46 10
16 53 10
62 86 17
83 83 38
45 4 63
24 64 84
79 70 92
58 91 89
43 48 99
63 97 5
39 5 87
18 18 95
72 45 65
46 13 25
76 82 99
5 19 45
57 76 73
12 3 26
0 30 70
81 14 29
48 62 3
47 68 48
100 35 40
46 26 68
13 78 5
12 72 83
44 65 58
98 83 39
44 19 7
11 83 30
75 46 17
79 6 20
81 64 71
14 58 26
75 12 4
32 46 61
78 21 43
6 53 79
82 28 71
28 96 15
1 90 31
73 4 82
18 13 17
89 80 24
1 97 39
35 72 76
30 5 25
84 30 23
12 39 71
65 18 82
0 55 55
46 83 61
99 77 4
10 5 43
41 67 73
22 95 30
38 68 94
53 97 9
88 40 84
13 99 9
82 47 30
94 29 22
17 79 13
42 63 85
23 8 13
36 67 58
36 41 40
42 33 100
60 4 61
57 52 31
78 100 69
48 64 69
10 38 38
50 82 26
76 5 76
80 33 25
38 13 25
73 93 3
65 77 89
53 85 73
60 81 83
32 94 82
13 66 1
23 68 11
93 73 82
43 82 18
89 99 82
2 93 86
31 43 35
72 68 30
46 60 87
86 67 92
92 55 47
65 83 43
1 95 53
94 20 21
49 48 55
77 83 32
60 68 69
60 38 13
98 80 87
99 92 73
93 37 34
40 29 19
19 95 1
37 24 17
73 9 85
63 38 11
53 28 74
98 29 77
13 9 61
83 25 47
91 63 31
10 33 33
71 76 48
6 74 68
75 91 13
98 13 29
59 82 94
79 88 11
100 87 47
50 36 93
59 78 24
19 77 96
6 23 99
21 26 87
74 86 67
4 86 31
22 41 17
98 23 27
46 100 56
48 39 20
50 91 58
29 81 85
100 28 10
5 95 26
98 69 74
35 9 73
50 22 62
38 36 53
21 61 42
46 65 73
51 72 5
40 9 35
53 76 77
100 84 72
88 17 98
41 85 26
41 48 10
48 38 28
23 89 93
36 69 53
98 55 70
33 6 28
74 32 14
68 23 60
95 22 15
74 35 91
81 53 85
31 30 58
75 97 59
34 99 40
89 41 20
97 81 53
75 23 60
80 15 95
75 33 74
35 99 22
27 5 38
58 20 22
85 70 9
98 39 27
12 24 3
13 68 39
46 4 73
0 53 42
76 77 73
41 9 44
19 32 69
86 92 88
57 38 52
39 68 89
48 19 14
71 81 41
16 5 23
14 12 58
99 26 64
3 8 88
55 65 61
75 79 54
69 26 21
56 35 42
45 61 96
99 60 89
68 6 13
4 42 74
6 45 79
55 71 46
32 10 75
59 30 95
55 37 9
4 1 83
96 33 27
97 61 94
87 70 20
40 32 40
67 94 53
9 67 98
98 22 42
25 12 74
32 81 7
95 20 58
51 61 95
73 60 73
5 47 66
57 85 91
43 44 59
59 8 29
86 25 64
44 31 91
58 12 24
97 7 12
53 77 48
33 18 17
51 39 32
54 13 86
100 90 10
44 60 67
26 2 42
13 69 20
11 69 57
28 46 55
44 95 98
51 57 31
19 38 41
83 89 31
47 85 3
35 73 75
49 86 5
75 93 5
0 33 60
36 61 83
18 69 54
37 26 33
74 83 52
6 57 10
7 33 36
67 73 45
5 5 86
23 58 58
57 76 70
29 37 5
16 88 96
100 74 54
91 5 25
67 68 52
0 57 27
66 30 100
99 99 99
28 11 21
20 11 46
41 58 27
23 34 79
60 29 94
75 18 61
56 6 32
39 62 19
16 20 69
36 93 63
76 84 67
31 46 91
94 11 37
78 13 34
1 73 59
55 83 24
20 73 83
72 82 11
78 56 13
42 65 78
10 34 81
90 22 23
34 72 48
52 71 59
84 79 77
35 43 32
15 70 53
49 2 81
0 39 48
16 58 42
18 95 60
66 92 12
23 79 47
91 2 82
2 20 12
61 89 91
87 37 36
54 47 14
73 66 59
69 96 3
39 42 75
53 22 1
10 36 76
90 16 86
96 23 79
49 34 10
24 100 35
91 77 63
8 92 17
0 42 24
6 27 73
2 42 20
81 38 43
47 25 9
93 21 57
65 69 32
10 22 75
34 44 71
45 54 78
6 56 93
55 2 71
1 54 73
87 78 17
97 18 34
17 52 13
38 2 57
10 67 92
7 78 53
31 9 89
1 52 5
42 35 78
32 67 10
67 58 20
96 95 29
17 53 33
29 21 13
10 22 55
51 16 84
81 64 70
57 87 8
30 41 28
20 62 88
37 73 10
62 46 8
0 2 42
24 8 15
34 38 11
42 73 40
41 97 68
67 60 99
12 88 91
22 61 99
84 58 8
67 23 25
91 86 32
29 21 89
20 46 63
66 69 9
51 16 83
38 4 40
96 46 59
55 12 25
100 6 31
31 37 19
29 25 59
95 44 79
16 54 82
91 74 34
52 91 16
54 36 40
62 24 38
74 9 58
69 3 81
0 71 40
32 60 75
74 35 78
50 22 86
62 44 84
24 24 77
76 85 40
1 55 20
3 53 40
92 7 98
70 67 75
60 98 27
49 18 95
59 46 2
65 46 89
16 66 92
82 93 96
71 87 7
75 53 41
56 87 92
22 15 99
55 58 79
63 5 13
87 57 12
12 85 59
13 64 55
61 11 30
61 87 41
93 62 100
76 23 47
55 82 52
13 15 75
49 42 78
35 87 31
3 22 39
84 38 75
49 37 81
95 88 7
15 29 66
73 91 41
71 86 34
11 73 54
2 48 25
58 20 9
47 1 94
31 11 98
16 81 32
29 42 62
16 46 80
71 35 27
90 78 19
11 97 8
82 56 91
47 88 38
59 75 48
31 20 6
82 45 77
45 58 69
37 65 24
0 15 62
9 77 77
77 76 20
8 61 3
36 98 27
37 56 98
79 91 11
3 96 47
57 92 78
89 42 1
90 67 82
2 32 95
58 99 46
70 16 5
38 8 35
77 67 94
43 97 35
38 18 100
74 77 38
75 31 59
58 36 22
36 64 15
13 94 70
50 58 100
18 56 55
59 19 85
1 42 57
74 32 16
24 66 29
67 10 77
73 81 87
44 71 96
21 60 67
91 22 82
79 20 6
17 26 74
96 55 72
5 4 81
33 58 9
82 2 69
42 25 39
14 78 60
4 80 61
41 35 64
95 61 13
16 86 48
48 86 21
33 36 11
37 59 59
8 90 85
24 89 95
85 85 71
84 48 1
57 28 81
20 73 91
67 5 11
48 16 37
